N.Tibet  (414,825)  (450,811)  (450,847)
W.Chunking  (568,1034)  (585,1070)
Lasap  (1722,1390)
Nor Cal  (3188,734)  (3213,770)  (3176,698)
Hilo  (2923,1027)
Krasnoyarsk  (421,69)  (385,104)  (385,68)  (456,105)  (421,33)  (457,33)  (457,69)  (383,32)  (416,140)  (349,122)  (349,86)  (492,105)  (493,15)  (493,51)  (347,50)  (529,15)  (529,51)
Vladivostok  (1314,528)  (1304,564)  (1334,492)  (1268,589)
Ceylon  (218,1482)  (230,1518)
Yakutsk  (1446,58)  (1410,93)  (1410,57)  (1481,94)  (1446,22)  (1482,22)  (1482,58)  (1408,21)  (1410,129)  (1517,94)  (1518,15)  (1518,51)  (1372,26)  (1388,165)  (1553,93)  (1554,15)
Punjab  (83,636)  (47,671)  (47,635)  (118,672)  (90,600)  (119,636)  (126,593)
Ototo Jima  (1546,927)
Marcus  (1860,905)
sz4  (2203,200)  (2167,235)  (2167,199)  (2238,236)  (2203,164)  (2239,164)  (2239,200)  (2165,163)  (2202,271)  (2166,271)  (2131,235)  (2131,199)  (2274,236)  (2274,272)  (2238,272)  (2130,272)  (2201,128)  (2237,128)  (2273,128)  (2275,164)  (2275,200)  (2129,163)  (2129,127)  (2165,127)  (2309,94)  (2202,307)  (2166,307)  (2095,236)  (2095,200)  (2310,236)  (2310,272)  (2310,308)  (2274,308)  (2238,308)  (2130,308)  (2094,308)  (2094,272)  (2201,92)  (2237,92)  (2273,92)  (2311,130)  (2311,166)  (2093,164)  (2093,128)  (2093,92)  (2129,91)  (2165,91)  (2309,58)  (2345,58)  (2345,94)  (2202,343)  (2166,343)  (2059,236)  (2059,200)  (2346,202)  (2346,238)  (2346,274)  (2346,310)  (2310,344)  (2274,344)  (2238,344)  (2130,344)  (2094,344)  (2058,344)  (2058,308)  (2058,272)  (2058,56)  (2201,56)  (2237,56)  (2273,56)  (2347,130)  (2347,166)  (2057,164)  (2057,128)  (2057,92)  (2094,55)  (2130,55)  (2309,22)  (2345,22)  (2381,22)  (2202,379)  (2166,379)  (2382,202)  (2382,238)  (2382,274)  (2382,310)  (2243,380)  (2130,380)  (2166,20)  (2202,20)  (2238,20)  (2383,133)  (2418,189)  (2418,225)  (2418,261)  (2454,221)  (2454,257)  (2490,221)
sz3  (1878,319)  (1842,354)  (1842,318)  (1913,355)  (1878,283)  (1914,283)  (1914,319)  (1877,390)  (1841,390)  (1806,354)  (1949,355)  (1949,391)  (1913,391)  (1805,391)  (1865,247)  (1901,247)  (1937,247)  (1950,283)  (1950,319)  (1973,224)  (1877,426)  (1841,426)  (1985,416)  (1949,427)  (1913,427)  (1805,427)  (1866,211)  (1902,211)  (1986,260)  (1986,296)  (1986,332)  (1938,188)  (1974,188)  (2010,452)  (1877,462)  (1841,462)  (1974,463)  (1938,463)  (1805,463)  (1855,175)  (1891,175)  (1927,152)  (1963,152)  (1999,152)  (2046,419)  (2046,455)  (2010,488)  (2049,491)  (1866,139)  (1926,116)  (1997,116)  (2013,524)  (2078,527)  (2042,560)  (2006,560)
M.India  (124,1230)  (112,1266)  (160,1197)  (160,1233)
Soem  (1099,1774)
sz6  (2940,425)  (2904,460)  (2904,424)  (2975,461)  (2940,389)  (2976,389)  (2976,425)  (2902,388)  (2939,496)  (2903,496)  (2868,460)  (3011,461)  (3011,497)  (2975,497)  (2867,497)  (2938,353)  (2875,352)  (3047,460)  (3047,496)  (2911,317)  (2875,316)  (2911,281)  (2875,280)  (2947,247)  (2911,245)  (2875,244)  (2875,208)
Olympic Penn  (3101,466)
sz5  (2665,354)  (2629,389)  (2629,353)  (2700,390)  (2665,318)  (2701,318)  (2701,354)  (2627,317)  (2593,421)  (2593,385)  (2736,390)  (2663,282)  (2699,282)  (2735,282)  (2737,318)  (2737,354)  (2591,349)  (2591,313)  (2627,281)  (2587,277)  (2771,248)  (2557,421)  (2557,385)  (2772,390)  (2663,246)  (2699,246)  (2735,246)  (2773,284)  (2773,320)  (2555,349)  (2555,313)  (2623,245)  (2771,212)  (2807,212)  (2807,248)  (2521,421)  (2521,385)  (2808,356)  (2808,392)  (2676,210)  (2712,210)  (2809,284)  (2809,320)  (2519,349)  (2627,209)  (2748,176)  (2784,176)  (2820,176)  (2485,421)  (2485,385)  (2483,349)
sz2  (1589,238)  (1553,273)  (1553,237)  (1624,274)  (1589,202)  (1625,202)  (1625,238)  (1551,201)  (1660,274)  (1587,166)  (1623,166)  (1659,166)  (1661,202)  (1661,238)  (1527,165)  (1695,160)  (1731,113)  (1731,149)  (1767,91)
Tokyo  (1424,851)
sz1  (1433,261)  (1397,268)  (1397,232)  (1466,297)  (1433,225)  (1469,225)  (1471,333)  (1437,189)  (1473,189)  (1469,369)  (1467,153)  (1467,405)  (1465,441)  (1429,473)  (1466,496)
Mindor  (1173,1261)
Punay  (1220,1315)
Kyzal  (694,301)  (658,308)  (658,272)  (729,337)  (694,265)  (730,265)  (730,301)  (693,344)  (657,359)  (628,236)  (622,275)  (765,337)  (765,373)  (729,373)  (664,229)  (700,229)  (766,234)  (766,270)
Kiribati  (2778,1322)
Victoria  (3015,369)
Anchorage  (2719,58)  (2683,77)  (2683,41)  (2754,94)  (2719,22)  (2755,22)  (2755,58)  (2647,82)  (2647,46)  (2791,15)  (2791,51)  (2827,15)  (2827,51)  (2863,15)
Frenchindochina  (745,1259)  (781,1247)
S.W.Australia  (1676,2134)  (1640,2169)  (1676,2170)  (1712,2111)  (1712,2147)  (1748,2137)  (1748,2173)
Canada  (3213,251)  (3177,286)  (3177,250)  (3248,287)  (3249,217)  (3175,214)  (3284,253)  (3284,289)  (3285,206)  (3139,192)  (3320,242)  (3320,278)  (3320,314)  (3321,181)
C.India  (228,1193)  (243,1229)  (264,1180)
E.India  (335,1111)  (355,1075)  (336,1147)
New Britain  (1752,1697)
sz7  (1619,427)  (1583,462)  (1583,426)  (1654,463)  (1619,391)  (1655,391)  (1655,427)  (1581,390)  (1618,498)  (1582,498)  (1547,433)  (1690,463)  (1690,499)  (1654,499)  (1617,355)  (1653,355)  (1689,355)  (1691,391)  (1691,427)  (1577,354)  (1726,463)  (1726,499)  (1726,535)  (1690,535)  (1654,535)  (1727,415)
sz8  (1841,599)  (1805,634)  (1805,598)  (1876,635)  (1841,563)  (1877,563)  (1877,599)  (1803,562)  (1840,670)  (1804,670)  (1769,634)  (1769,598)  (1912,635)  (1912,671)  (1876,671)  (1768,671)  (1839,527)  (1875,527)  (1911,527)  (1913,563)  (1913,599)  (1786,526)
sz9  (2115,751)  (2079,786)  (2079,750)  (2150,787)  (2115,715)  (2151,715)  (2151,751)  (2077,714)  (2114,822)  (2078,822)  (2043,786)  (2043,750)  (2186,787)  (2186,823)  (2150,823)  (2042,823)  (2113,679)  (2149,679)  (2185,679)  (2187,715)  (2187,751)  (2041,714)  (2041,678)  (2077,678)  (2221,645)  (2114,858)  (2078,858)  (2007,787)  (2007,751)  (2222,787)  (2222,823)  (2222,859)  (2186,859)  (2150,859)  (2042,859)  (2006,859)  (2006,823)  (2113,643)  (2149,643)  (2185,643)  (2223,681)  (2223,717)  (2005,715)  (2005,679)  (2005,643)  (2041,642)  (2077,642)  (2221,609)  (2114,894)  (2078,894)  (2234,895)  (2198,895)  (2162,895)  (2042,895)  (2006,895)  (1986,607)  (2113,607)  (2149,607)  (2185,607)  (2022,606)  (2058,606)
Ustkut  (941,78)  (905,113)  (905,77)  (976,114)  (941,42)  (977,42)  (977,78)  (903,41)  (892,149)  (1012,114)  (1013,15)  (1013,51)  (1049,15)
Irkutsk  (1091,145)  (1055,180)  (1067,109)  (1103,109)  (1127,145)
Halma  (1275,1545)
Flores  (1228,1780)
Central Valley  (3276,791)  (3290,755)  (3294,827)
Shansi  (901,753)
N.Shangsi  (790,665)
Chunking  (684,1054)  (648,1058)  (695,1018)
Nagpur  (259,1064)  (269,1100)  (236,1028)  (233,1110)
N.G  (1561,1644)
Vostok  (1267,188)  (1231,223)  (1231,187)  (1302,224)  (1267,152)  (1303,152)  (1303,188)  (1282,116)  (1318,116)  (1339,194)
Choiseoul  (1913,1571)
N.B  (991,1380)
Burma  (556,1126)  (562,1162)
E.G  (1636,1703)
sc33  (3185,1581)  (3149,1616)  (3149,1580)  (3220,1617)  (3185,1545)  (3221,1545)  (3221,1581)  (3147,1544)  (3184,1652)  (3148,1652)  (3113,1616)  (3113,1580)  (3256,1617)  (3256,1653)  (3220,1653)  (3112,1653)  (3183,1509)  (3219,1509)  (3255,1509)  (3257,1545)  (3257,1581)  (3111,1544)  (3111,1508)  (3147,1508)  (3291,1475)  (3184,1688)  (3148,1688)  (3077,1617)  (3077,1581)  (3292,1617)  (3292,1653)  (3292,1689)  (3256,1689)  (3220,1689)  (3112,1689)  (3076,1689)  (3076,1653)  (3183,1473)  (3219,1473)  (3255,1473)  (3293,1511)  (3293,1547)  (3075,1545)  (3075,1509)  (3075,1473)  (3111,1472)  (3147,1472)  (3291,1439)  (3327,1439)  (3327,1475)  (3041,1617)  (3041,1581)  (3328,1583)  (3328,1619)  (3328,1655)  (3328,1691)  (3040,1717)  (3040,1681)  (3040,1437)  (3183,1437)  (3219,1437)  (3255,1437)  (3329,1511)  (3329,1547)  (3039,1545)  (3039,1509)  (3039,1473)  (3076,1436)  (3112,1436)  (3291,1403)  (3327,1403)  (3186,1401)  (3222,1401)  (3258,1367)  (3294,1367)  (3330,1367)  (3186,1365)  (3222,1365)
S  (1275,1315)
N.S  (683,1545)
Rocky Mt  (3305,446)  (3269,453)  (3340,482)  (3276,410)  (3312,410)  (3341,446)  (3304,489)  (3348,403)  (3276,374)  (3267,540)
Macau  (846,1065)
Formosa  (1078,1073)
W.India  (42,951)  (77,987)  (41,987)  (15,915)  (51,915)  (20,1023)
Boho  (1229,1341)
Korea  (1107,652)  (1142,688)  (1082,616)  (1149,724)  (1172,761)
S.Australia  (1891,2256)  (1855,2266)  (1891,2292)  (1891,2220)  (1927,2247)  (1927,2283)  (1963,2257)
Tsingnan  (583,680)  (613,716)  (619,646)
Kiska  (2103,410)
N.Japan  (1526,566)
Ani Jima  (1522,963)
Seattle  (3151,419)  (3115,423)  (3186,455)  (3150,383)  (3186,383)  (3187,419)  (3222,362)  (3222,473)  (3149,347)  (3218,509)
Pula  (1700,1397)
Amchitka  (2186,408)
New Zealand  (2644,2204)
Seoul  (1192,650)
Quingdao  (1107,269)  (1071,304)  (1071,268)  (1129,305)  (1107,233)  (1143,233)  (1143,269)  (1179,279)
Thailand  (646,1194)  (629,1158)  (682,1193)
Kamchatka  (1744,252)  (1761,288)  (1738,216)  (1774,216)  (1780,252)  (1741,324)
E.Mongolia  (888,492)  (852,470)  (924,459)  (924,495)
Tientsin  (1023,590)  (987,614)  (1038,554)  (1027,626)  (1040,518)  (1023,662)
S.Borneo  (897,1565)
Bhopa  (172,1033)  (136,1055)  (196,1069)  (198,984)  (100,1062)  (214,948)  (228,912)
Malaya  (682,1434)
Sukhalin  (1493,404)
Kaask  (537,179)  (501,214)  (501,178)  (572,215)  (544,143)  (573,179)  (580,136)  (465,205)  (609,172)
Nancheng  (544,765)  (580,764)
Buala  (1959,1587)
Bali  (1002,1749)
Adak  (2271,399)
Borneo  (947,1445)  (982,1481)  (983,1443)
Bengal  (469,1024)  (505,1008)
Hanan  (801,929)  (837,915)
Yukon  (3227,79)  (3191,114)  (3191,78)  (3262,115)  (3227,43)  (3263,43)  (3263,79)  (3189,42)  (3226,150)  (3155,86)  (3298,115)  (3271,151)  (3299,15)  (3299,51)  (3153,50)  (3334,87)  (3334,123)  (3335,15)  (3335,51)
Bikini  (2194,1200)
Derby  (1496,2019)  (1460,2039)  (1532,1998)
Angarsk  (1192,56)  (1156,65)  (1156,29)  (1227,92)  (1192,20)  (1228,20)  (1228,56)  (1120,47)  (1264,15)  (1264,51)  (1300,15)  (1300,51)  (1336,67)
Sikang  (634,790)  (661,826)
Bonin  (1489,996)
Vancouver  (2988,280)
Sian  (797,849)  (761,876)  (833,817)
N.Canada  (2969,100)  (2933,135)  (2933,99)  (3004,136)  (2969,64)  (3005,64)  (3005,100)  (2931,63)  (2968,171)  (2932,171)  (2897,135)  (3040,136)  (3040,172)  (3004,172)  (2967,28)  (3003,28)  (3039,28)  (3041,64)  (3041,100)  (3075,15)  (2861,135)  (3076,136)  (3077,51)  (3077,87)  (3112,123)
Kirakira  (2031,1672)
New Guinea  (1532,1694)
S.G  (1480,1731)
sz11  (2412,665)  (2376,700)  (2376,664)  (2447,701)  (2412,629)  (2448,629)  (2448,665)  (2374,628)  (2411,736)  (2375,736)  (2340,700)  (2340,664)  (2483,701)  (2483,737)  (2447,737)  (2339,737)  (2476,593)  (2484,629)  (2484,665)  (2338,628)  (2512,565)  (2411,772)  (2375,772)  (2304,701)  (2304,665)  (2519,701)  (2519,737)  (2339,773)  (2303,773)  (2303,737)  (2476,557)  (2520,601)  (2520,637)  (2302,629)  (2529,773)  (2512,529)  (2548,529)  (2548,565)  (2476,521)  (2512,493)  (2548,493)  (2476,485)
Nanking  (910,842)
sz10  (2284,489)  (2248,524)  (2248,488)  (2319,525)  (2284,453)  (2320,453)  (2320,489)  (2246,452)  (2283,560)  (2247,560)  (2212,524)  (2212,488)  (2355,525)  (2355,561)  (2319,561)  (2211,561)  (2312,417)  (2348,417)  (2356,453)  (2356,489)  (2210,452)  (2384,398)  (2176,525)  (2176,489)  (2391,525)  (2391,561)  (2175,565)  (2392,434)  (2392,470)  (2174,453)  (2420,393)  (2140,529)  (2140,493)  (2427,506)  (2427,542)  (2139,565)  (2428,429)  (2428,465)  (2138,457)
Midway  (2457,807)
Calcutta  (216,1287)
W.Mongolia  (515,463)  (479,482)  (479,446)  (550,499)  (551,442)
W.Australia  (1468,2142)  (1503,2178)  (1449,2106)  (1485,2106)  (1539,2205)  (1498,2214)  (1575,2192)
S.A  (509,1317)
sz15  (1380,650)  (1406,686)  (1370,686)  (1345,614)  (1381,614)  (1417,605)  (1430,722)  (1394,722)  (1358,722)  (1370,578)  (1406,569)  (1442,569)  (1398,758)  (1362,758)
sz14  (3062,681)  (3026,716)  (3026,680)  (3097,717)  (3062,645)  (3098,645)  (3098,681)  (3024,644)  (3061,752)  (3025,752)  (3133,725)  (3097,753)  (3060,609)  (3096,609)  (3010,608)  (3046,573)  (3082,573)  (3118,573)  (3010,572)
Kichedung  (982,869)  (998,905)
Celebs  (1082,1585)
Samar  (1290,1282)
sz13  (2886,797)  (2850,832)  (2850,796)  (2921,833)  (2886,761)  (2922,761)  (2922,797)  (2848,760)  (2885,868)  (2849,868)  (2814,832)  (2814,796)  (2957,833)  (2957,869)  (2921,869)  (2813,869)  (2884,725)  (2920,725)  (2956,725)  (2958,761)  (2958,797)  (2812,760)  (2812,724)  (2848,724)  (2885,904)  (2849,904)  (2993,833)  (2993,869)  (2993,905)  (2957,905)  (2921,905)  (2813,905)  (2884,689)  (2920,689)  (2956,689)  (2994,796)  (2790,688)  (2826,688)  (2885,940)  (2849,940)  (3029,832)  (3029,868)  (3029,904)  (3029,940)  (2993,941)  (2957,941)  (2921,941)  (2813,941)  (2862,653)  (2898,653)  (2934,653)  (2970,653)  (3030,796)  (3044,976)  (3008,977)  (2972,977)  (2936,977)  (2836,617)  (2872,617)  (2908,617)  (2944,617)  (3044,1012)  (3008,1013)  (2836,581)  (2872,581)  (2908,581)  (2944,581)  (2836,545)  (2872,545)  (2908,545)  (2944,545)
sz12  (2674,543)  (2638,578)  (2638,542)  (2709,579)  (2674,507)  (2710,507)  (2710,543)  (2636,506)  (2673,614)  (2637,614)  (2602,578)  (2602,542)  (2745,579)  (2745,615)  (2709,615)  (2601,615)  (2672,471)  (2708,471)  (2744,471)  (2746,507)  (2746,543)  (2600,506)  (2600,470)  (2636,470)  (2780,460)  (2781,579)  (2781,615)  (2782,496)  (2782,532)
sz19  (2007,1092)  (1971,1127)  (1971,1091)  (2042,1128)  (2007,1056)  (2043,1056)  (2043,1092)  (1969,1055)  (2006,1163)  (1970,1163)  (2078,1128)  (2078,1164)  (2042,1164)  (2005,1020)  (2041,1020)  (2079,1058)  (1947,1019)  (2006,1199)  (1970,1199)  (2106,1200)  (2070,1200)  (1983,984)  (2019,984)  (2055,984)  (1947,983)  (2034,1235)  (1998,1235)  (1962,1235)  (2106,1236)  (2070,1236)  (1983,948)  (2019,948)  (2055,948)  (1947,947)  (2034,1271)  (1998,1271)  (1962,1271)  (2106,1272)  (2070,1272)
sz18  (1814,1086)  (1778,1121)  (1778,1085)  (1849,1122)  (1814,1050)  (1850,1050)  (1850,1086)  (1776,1049)  (1813,1157)  (1777,1157)  (1742,1113)  (1885,1122)  (1885,1158)  (1849,1158)  (1812,1014)  (1848,1014)  (1884,1014)  (1886,1050)  (1886,1086)  (1740,1077)  (1740,1041)  (1776,1013)  (1732,1005)  (1813,1193)  (1777,1193)  (1907,1194)  (1871,1194)  (1812,978)  (1848,978)  (1884,978)  (1768,977)  (1724,969)  (1835,1229)  (1799,1229)  (1907,1230)  (1871,1230)  (1804,942)  (1760,941)  (1835,1265)  (1799,1265)  (1907,1266)  (1871,1266)  (1835,1301)  (1799,1301)
Amdanam  (520,1254)
sz17  (1822,809)  (1786,844)  (1786,808)  (1857,845)  (1822,773)  (1858,773)  (1858,809)  (1784,772)  (1821,880)  (1785,880)  (1750,844)  (1750,808)  (1893,845)  (1820,737)  (1856,737)  (1892,737)  (1894,773)  (1894,809)  (1750,736)  (1749,898)  (1923,881)  (1928,732)  (1929,845)  (1930,768)  (1930,804)
sz16  (1608,735)  (1572,770)  (1572,734)  (1643,771)  (1608,699)  (1644,699)  (1644,735)  (1570,698)  (1607,806)  (1571,806)  (1536,770)  (1536,734)  (1679,771)  (1679,807)  (1643,807)  (1606,663)  (1642,663)  (1678,663)  (1680,699)  (1680,735)  (1534,698)  (1534,662)  (1570,662)  (1607,842)  (1571,842)  (1710,843)  (1674,843)  (1606,627)  (1642,627)  (1678,627)  (1565,626)
S.India  (127,1341)  (91,1360)  (138,1377)  (151,1305)  (163,1341)  (77,1324)
Weno  (1708,1360)
Manila  (1184,1157)  (1174,1193)
W.Sian  (642,891)  (702,911)
Quyan  (422,562)  (457,598)  (403,526)  (439,526)  (458,562)  (494,590)
British Columbia  (3063,261)  (3082,297)  (3041,225)  (3077,225)  (3099,261)  (3090,333)
Dheli  (136,968)
Agra  (178,738)  (142,773)  (142,737)  (213,774)  (178,702)  (214,719)  (249,767)
Auki  (2030,1635)
Manchuria  (1170,528)  (1134,541)  (1134,505)  (1205,564)  (1170,492)  (1206,492)  (1206,528)  (1169,577)  (1129,469)  (1242,514)
sz20  (2261,1044)  (2225,1079)  (2225,1043)  (2296,1080)  (2261,1008)  (2297,1008)  (2297,1044)  (2223,1007)  (2260,1115)  (2224,1115)  (2189,1079)  (2189,1043)  (2332,1080)  (2332,1116)  (2296,1116)  (2188,1116)  (2259,972)  (2295,972)  (2331,972)  (2333,1008)  (2333,1044)  (2187,1007)  (2187,971)  (2223,971)  (2260,1151)  (2224,1151)  (2153,1080)  (2360,1152)  (2324,1152)  (2188,1152)  (2152,1152)  (2152,1116)  (2274,936)  (2310,936)  (2346,936)  (2151,977)  (2288,1187)  (2252,1187)  (2360,1188)  (2324,1188)  (2274,900)  (2310,900)  (2346,900)  (2274,864)  (2310,864)  (2346,864)
Urumal  (337,534)
sz22  (2636,812)  (2600,847)  (2600,811)  (2671,848)  (2636,776)  (2672,776)  (2672,812)  (2598,775)  (2635,883)  (2599,883)  (2564,847)  (2707,848)  (2707,884)  (2671,884)  (2563,884)  (2634,740)  (2670,740)  (2706,740)  (2708,776)  (2708,812)  (2594,739)  (2742,706)  (2635,919)  (2599,919)  (2743,848)  (2743,884)  (2743,920)  (2707,920)  (2671,920)  (2563,920)  (2630,704)  (2666,704)  (2702,704)  (2744,742)  (2744,778)  (2594,703)  (2635,955)  (2599,955)  (2721,956)  (2685,956)  (2563,956)
sz21  (2450,901)  (2414,936)  (2414,900)  (2485,937)  (2450,865)  (2486,865)  (2486,901)  (2412,864)  (2449,972)  (2413,972)  (2520,973)
Honiara  (1960,1635)
sz24  (2511,1069)  (2475,1104)  (2475,1068)  (2546,1105)  (2511,1033)  (2547,1033)  (2547,1069)  (2473,1032)  (2439,1125)  (2439,1089)  (2582,1105)  (2583,1021)  (2583,1057)  (2437,1053)  (2403,1125)  (2403,1089)  (2618,1093)  (2619,1021)  (2619,1057)  (2401,1053)
sz23  (3128,895)  (3092,930)  (3092,894)  (3163,931)  (3128,859)  (3164,860)  (3090,858)  (3127,966)  (3091,966)  (3199,896)  (3199,932)  (3163,967)  (3126,823)  (3162,823)  (3200,968)  (3084,822)  (3235,894)  (3235,930)  (3236,966)  (3271,917)  (3272,953)  (3272,989)
Palana  (1890,32)  (1898,68)  (1862,68)  (1926,15)  (1934,51)  (1962,15)  (1970,51)  (1807,138)  (1998,15)
sz26  (3045,1220)  (3009,1255)  (3009,1219)  (3080,1256)  (3045,1184)  (3081,1184)  (3081,1220)  (3007,1183)  (3044,1291)  (3008,1291)  (2973,1255)  (3116,1256)  (3116,1292)  (3080,1292)  (2972,1292)  (3043,1148)  (3079,1148)  (3115,1148)  (3117,1184)  (3117,1220)  (2998,1147)  (3044,1327)  (3008,1327)  (3146,1328)  (3110,1328)  (2972,1328)  (3034,1112)  (3070,1112)  (3106,1112)  (3142,1112)  (2998,1111)  (3074,1363)  (3038,1363)  (3146,1364)  (3110,1364)  (3002,1364)  (3034,1076)  (3070,1076)  (3106,1076)  (3142,1076)  (2998,1075)  (3084,1040)  (3120,1040)
sz25  (2798,1109)  (2762,1144)  (2762,1108)  (2833,1145)  (2798,1073)  (2834,1073)  (2834,1109)  (2760,1072)  (2797,1180)  (2761,1180)  (2726,1144)  (2726,1108)  (2869,1145)  (2869,1181)  (2833,1181)  (2725,1181)  (2796,1037)  (2870,1064)  (2870,1100)  (2724,1072)  (2724,1036)  (2760,1036)  (2690,1145)  (2690,1109)  (2905,1136)  (2905,1172)  (2689,1199)  (2906,1081)  (2688,1073)  (2688,1037)  (2941,1117)  (2941,1153)  (2941,1189)  (2956,1081)
Nayumo  (1345,1736)
sz28  (2851,1277)  (2815,1282)  (2815,1246)  (2886,1313)  (2851,1241)  (2887,1241)  (2887,1277)  (2779,1279)  (2779,1243)  (2922,1313)  (2922,1349)  (2886,1349)  (2923,1238)  (2923,1274)  (2850,1360)  (2743,1279)  (2743,1243)
sz27  (3259,1181)  (3223,1216)  (3223,1180)  (3294,1217)  (3259,1145)  (3295,1145)  (3295,1181)  (3221,1144)  (3258,1252)  (3222,1252)  (3187,1216)  (3187,1180)  (3330,1217)  (3330,1253)  (3294,1253)  (3186,1253)  (3257,1109)  (3293,1109)  (3329,1109)  (3331,1145)  (3331,1181)  (3186,1108)  (3258,1288)  (3222,1288)  (3352,1289)  (3316,1289)  (3186,1289)  (3222,1073)  (3258,1073)  (3294,1073)  (3330,1073)  (3186,1072)  (3222,1037)  (3258,1037)  (3294,1037)  (3330,1037)
sz29  (2579,1283)  (2543,1318)  (2543,1282)  (2614,1319)  (2579,1247)  (2615,1247)  (2615,1283)  (2541,1246)  (2578,1354)  (2542,1354)  (2650,1319)  (2650,1355)  (2614,1355)  (2577,1211)  (2613,1211)  (2651,1238)  (2651,1274)  (2532,1210)  (2578,1390)  (2542,1390)  (2686,1310)  (2686,1346)  (2686,1382)  (2650,1391)  (2614,1391)  (2568,1175)  (2604,1175)  (2532,1174)
sz38  (2246,1885)  (2210,1920)  (2210,1884)  (2281,1921)  (2246,1849)  (2282,1849)  (2282,1885)  (2208,1848)  (2245,1956)  (2209,1956)  (2174,1894)  (2317,1921)  (2317,1957)  (2281,1957)  (2244,1813)  (2280,1813)  (2316,1813)  (2318,1849)  (2318,1885)  (2172,1858)  (2172,1822)  (2208,1812)  (2166,1786)  (2352,1779)  (2245,1992)  (2209,1992)  (2353,1964)  (2317,1993)  (2281,1993)  (2244,1777)  (2280,1777)  (2316,1777)  (2202,1776)  (2360,2000)  (2245,2028)  (2209,2028)  (2389,1964)  (2324,2029)  (2288,2029)  (2396,2000)  (2396,2036)  (2360,2036)
S.Mongolia  (673,571)  (690,607)
Iwo Jima  (1483,1109)
Bhopal  (137,848)  (101,853)  (101,817)  (172,884)  (173,836)  (136,889)
sz34  (2539,1824)  (2503,1859)  (2503,1823)  (2574,1860)  (2539,1788)  (2575,1788)  (2575,1824)  (2501,1787)  (2538,1895)  (2502,1895)  (2467,1859)  (2467,1823)  (2610,1860)  (2610,1896)  (2574,1896)  (2466,1896)  (2537,1752)  (2611,1761)  (2611,1797)  (2465,1787)  (2465,1751)  (2501,1751)  (2431,1860)  (2431,1824)  (2646,1833)  (2646,1869)  (2646,1905)  (2430,1925)  (2647,1734)  (2647,1770)  (2429,1788)  (2429,1752)  (2395,1889)  (2682,1806)  (2682,1842)  (2682,1878)  (2682,1914)  (2394,1925)  (2683,1734)  (2683,1770)  (2393,1771)
sz35  (2758,2178)  (2722,2213)  (2722,2177)  (2793,2214)  (2758,2142)  (2794,2155)  (2720,2141)  (2686,2177)  (2829,2191)  (2829,2227)  (2793,2250)  (2756,2106)  (2830,2155)  (2684,2141)  (2684,2105)  (2720,2105)  (2842,2263)  (2865,2191)  (2865,2227)  (2806,2286)  (2756,2070)  (2866,2155)  (2648,2152)  (2648,2116)  (2648,2080)  (2684,2069)  (2720,2069)  (2878,2263)  (2878,2299)  (2842,2299)  (2646,2044)  (2806,2322)  (2756,2034)  (2682,2033)  (2718,2033)  (2646,2008)  (2682,1997)  (2646,1972)
Kyzyl  (322,293)  (286,328)  (286,292)  (357,329)  (322,257)  (358,257)  (358,293)  (284,256)  (321,364)  (285,364)  (250,317)  (360,365)  (323,221)  (359,221)  (394,257)  (248,281)  (248,245)  (395,220)  (308,400)  (212,276)  (370,184)  (431,245)
sz36  (2459,2176)  (2423,2211)  (2423,2175)  (2494,2212)  (2459,2140)  (2495,2140)  (2495,2176)  (2421,2139)  (2458,2247)  (2422,2247)  (2387,2211)  (2387,2175)  (2530,2212)  (2530,2248)  (2494,2248)  (2386,2248)  (2457,2104)  (2493,2104)  (2529,2104)  (2531,2140)  (2531,2176)  (2385,2139)  (2385,2103)  (2421,2103)  (2565,2070)  (2458,2283)  (2422,2283)  (2351,2212)  (2351,2176)  (2566,2212)  (2566,2248)  (2566,2284)  (2530,2284)  (2494,2284)  (2386,2284)  (2350,2284)  (2350,2248)  (2462,2068)  (2498,2068)  (2567,2106)  (2567,2142)  (2349,2140)  (2349,2104)  (2534,2034)  (2570,2034)  (2601,2070)  (2458,2319)  (2422,2319)  (2602,2178)  (2602,2214)  (2602,2250)  (2602,2286)  (2566,2320)  (2530,2320)  (2494,2320)  (2386,2320)  (2350,2320)  (2462,2032)  (2498,2032)  (2603,2106)  (2603,2142)  (2604,2322)  (2606,2029)  (2534,1998)  (2570,1998)  (2462,1996)  (2498,1996)  (2606,1993)
sz37  (2127,2207)  (2091,2242)  (2091,2206)  (2162,2243)  (2127,2171)  (2163,2171)  (2163,2207)  (2089,2170)  (2126,2278)  (2090,2278)  (2055,2242)  (2198,2243)  (2198,2279)  (2162,2279)  (2054,2279)  (2125,2135)  (2161,2135)  (2197,2135)  (2199,2171)  (2199,2207)  (2076,2134)  (2233,2101)  (2126,2314)  (2090,2314)  (2234,2243)  (2234,2279)  (2234,2315)  (2198,2315)  (2162,2315)  (2054,2315)  (2018,2315)  (2112,2099)  (2148,2099)  (2184,2099)  (2235,2137)  (2235,2173)  (2071,2098)  (2269,2080)  (2270,2209)  (2270,2245)  (2270,2281)  (2270,2317)  (2107,2063)  (2143,2063)  (2271,2116)  (2271,2152)  (2069,2062)  (1819,2322)  (1783,2322)  (1759,2286)  (1747,2322)  (1734,2250)  (1723,2286)  (1711,2322)  (1699,2214)  (1698,2250)  (1687,2286)  (1675,2322)  (1662,2250)  (1651,2286)  (1639,2322)  (1626,2250)  (1615,2286)  (1603,2322)  (1590,2250)  (1579,2286)  (1567,2322)
Ming Jong  (428,709)  (442,745)  (468,648)  (504,638)
sz30  (2405,1292)  (2369,1327)  (2369,1291)  (2440,1328)  (2405,1256)  (2441,1256)  (2441,1292)  (2404,1363)  (2368,1363)  (2333,1327)  (2333,1291)  (2476,1328)  (2476,1364)  (2440,1364)  (2332,1364)  (2400,1220)  (2436,1220)  (2472,1220)  (2477,1256)  (2477,1292)  (2404,1399)  (2368,1399)  (2297,1270)  (2492,1400)  (2456,1400)  (2332,1400)  (2400,1184)  (2436,1184)  (2472,1184)
sz31  (2605,1567)  (2569,1602)  (2569,1566)  (2640,1603)  (2605,1531)  (2641,1531)  (2641,1567)  (2567,1530)  (2604,1638)  (2568,1638)  (2533,1602)  (2533,1566)  (2676,1603)  (2676,1639)  (2640,1639)  (2532,1639)  (2603,1495)  (2639,1495)  (2675,1495)  (2677,1531)  (2677,1567)  (2531,1530)  (2531,1494)  (2567,1494)  (2711,1461)  (2604,1674)  (2568,1674)  (2497,1603)  (2497,1567)  (2712,1603)  (2712,1639)  (2712,1675)  (2676,1675)  (2640,1675)  (2532,1675)  (2496,1675)  (2496,1639)  (2603,1459)  (2639,1459)  (2675,1459)  (2713,1497)  (2713,1533)  (2495,1531)  (2495,1495)  (2495,1459)  (2531,1458)  (2567,1458)  (2726,1425)  (2747,1461)  (2748,1569)  (2748,1605)  (2748,1641)  (2748,1677)  (2460,1686)  (2460,1650)  (2749,1497)  (2749,1533)  (2459,1543)  (2459,1507)  (2459,1471)  (2762,1410)  (2726,1389)  (2783,1446)  (2784,1569)  (2784,1605)  (2784,1641)  (2784,1677)  (2785,1482)  (2785,1518)  (2762,1374)  (2798,1408)
sz32  (2881,1784)  (2845,1819)  (2845,1783)  (2916,1820)  (2881,1748)  (2917,1748)  (2917,1784)  (2843,1747)  (2880,1855)  (2844,1855)  (2809,1819)  (2809,1783)  (2952,1820)  (2952,1856)  (2916,1856)  (2808,1856)  (2879,1712)  (2915,1712)  (2951,1712)  (2953,1748)  (2953,1784)  (2807,1747)  (2880,1891)  (2844,1891)  (2773,1820)  (2773,1784)  (2988,1820)  (2988,1856)  (2988,1892)  (2952,1892)  (2916,1892)  (2808,1892)  (2772,1892)  (2772,1856)  (2850,1676)  (2886,1676)  (2922,1676)  (2958,1676)  (2989,1756)  (2771,1748)  (2737,1820)  (2737,1784)  (3024,1792)  (3024,1828)  (3024,1864)  (3024,1900)  (2759,1928)  (2736,1892)  (2736,1856)  (2850,1640)  (2886,1640)  (2922,1640)  (2958,1640)  (3025,1756)  (3060,1792)  (3060,1828)  (3060,1864)  (3060,1900)  (2758,1964)  (2850,1604)  (2886,1604)  (2922,1604)  (2958,1604)  (3061,1756)  (3096,1792)  (3096,1828)  (3096,1864)  (3096,1900)  (2850,1568)  (2886,1568)  (2922,1568)  (2958,1568)  (3097,1756)  (3132,1792)  (3132,1828)  (3132,1864)  (3132,1900)  (2850,1532)  (2886,1532)  (2922,1532)  (2958,1532)  (3133,1756)  (2850,1496)  (2886,1496)  (2922,1496)  (2958,1496)  (2850,1460)  (2886,1460)  (2922,1460)  (2958,1460)  (2850,1424)  (2886,1424)  (2922,1424)  (2958,1424)
Melbourne  (1787,2220)
Los Angeles  (3323,879)  (3352,915)  (3348,843)  (3352,951)  (3348,807)  (3348,771)  (3344,735)
Townsville  (1866,1962)  (1830,1965)  (1885,1925)  (1902,1961)
Fiji  (2134,1747)
Cheng  (331,696)  (295,731)  (295,695)  (360,732)  (331,660)  (367,660)  (324,767)  (364,624)
Nagasaki  (1190,938)
Phonpei  (1755,1385)
sz49  (1539,1844)  (1503,1879)  (1503,1843)  (1574,1880)  (1539,1808)  (1575,1820)  (1501,1807)  (1538,1915)  (1502,1915)  (1467,1879)  (1467,1843)  (1610,1856)  (1466,1916)  (1611,1820)  (1465,1807)  (1509,1951)  (1473,1952)  (1653,1862)
Moresby  (1585,1753)
Taka  (2234,1242)
sz47  (1691,1612)  (1655,1641)  (1655,1605)  (1726,1648)  (1727,1580)  (1762,1616)  (1762,1652)  (1763,1580)
Samoa  (2370,1825)
sz48  (1522,1552)  (1486,1582)  (1557,1588)  (1500,1516)  (1536,1516)  (1558,1552)  (1572,1502)  (1450,1582)  (1414,1570)  (1359,1561)  (1325,1615)  (1323,1579)
Tulun  (747,155)  (711,173)  (782,191)  (783,125)  (818,166)
sz45  (1679,1427)  (1715,1429)  (1679,1463)  (1643,1463)  (1643,1427)  (1725,1465)  (1638,1391)  (1751,1422)  (1689,1499)  (1653,1499)  (1607,1455)  (1761,1458)  (1761,1494)  (1725,1501)  (1602,1419)  (1598,1383)  (1778,1341)  (1787,1413)  (1788,1377)  (1790,1530)  (1689,1535)  (1653,1535)  (1571,1455)  (1797,1449)  (1797,1485)  (1754,1537)  (1566,1419)  (1814,1340)  (1823,1413)  (1535,1455)  (1530,1419)
Arawa  (1858,1551)
sz46  (1790,1760)  (1754,1750)  (1825,1796)  (1789,1796)  (1790,1724)  (1826,1724)  (1826,1760)  (1753,1812)  (1854,1832)  (1818,1832)  (1717,1819)  (1818,1688)  (1854,1688)  (1890,1660)  (1890,1696)  (1848,1868)  (1812,1868)  (1681,1823)  (1820,1652)  (1856,1624)  (1926,1657)  (1926,1693)  (1839,1904)  (1820,1616)  (1821,1580)
N.Chunking  (649,969)  (649,1005)  (685,958)
sz41  (1981,1840)  (1945,1875)  (1945,1839)  (2016,1876)  (1981,1804)  (2017,1804)  (2017,1840)  (1943,1803)  (1980,1911)  (1909,1844)  (2033,1912)  (1979,1768)  (2015,1768)  (2051,1768)  (2053,1804)  (2053,1840)  (1907,1808)  (1907,1772)  (1943,1767)  (2069,1921)  (2087,1750)  (1997,1947)  (2033,1948)  (1979,1732)  (2089,1786)  (2089,1822)  (2097,1957)  (2061,1984)  (2025,1984)  (1970,1696)  (2133,1971)  (2097,1993)  (2144,2007)
sz42  (1955,1443)  (1919,1478)  (1919,1442)  (1990,1479)  (1955,1407)  (1991,1407)  (1991,1443)  (1917,1406)  (1954,1514)  (1918,1514)  (1883,1478)  (1883,1442)  (2026,1479)  (2026,1515)  (1990,1515)  (1882,1515)  (1953,1371)  (1989,1371)  (2025,1371)  (2027,1407)  (2027,1443)  (1881,1406)  (1881,1370)  (1917,1370)  (2061,1340)  (1954,1550)  (2062,1479)  (2062,1515)  (2062,1551)  (2026,1551)  (1990,1551)  (2063,1376)  (2063,1412)  (2070,1587)  (2034,1587)
Wake  (2098,1009)
sz40  (2174,1346)  (2138,1381)  (2138,1345)  (2209,1382)  (2174,1310)  (2210,1330)  (2173,1417)  (2137,1417)  (2245,1366)  (2245,1402)  (2209,1418)  (2146,1274)  (2182,1274)  (2261,1438)  (2173,1453)  (2137,1453)  (2225,1454)  (2146,1238)  (2297,1454)  (2261,1474)  (2189,1489)  (2153,1489)  (2117,1489)  (2317,1490)  (2225,1490)  (2333,1454)  (2281,1510)  (2189,1525)  (2153,1525)  (2117,1525)  (2353,1490)  (2353,1526)  (2317,1526)  (2245,1526)  (2369,1454)  (2281,1546)  (2209,1561)  (2173,1561)  (2137,1561)  (2389,1490)  (2389,1526)  (2389,1562)  (2353,1562)  (2317,1562)  (2245,1562)  (2281,1582)  (2209,1597)  (2173,1597)  (2137,1597)  (2392,1598)  (2356,1598)  (2320,1598)  (2245,1598)  (2284,1618)  (2209,1633)  (2173,1633)  (2137,1633)  (2420,1634)  (2384,1634)  (2348,1634)  (2248,1634)  (2101,1634)  (2312,1654)  (2212,1669)  (2176,1669)  (2140,1669)  (2420,1670)  (2384,1670)  (2348,1670)  (2276,1670)  (2104,1670)  (2068,1680)  (2312,1690)  (2240,1705)  (2204,1705)  (2168,1705)  (2420,1706)  (2384,1706)  (2348,1706)  (2276,1706)
Ceram  (1331,1644)
W.Borneo  (838,1482)  (874,1465)
Pearl Harbor  (2834,987)
Wellington  (2728,2287)
Jinan  (952,366)  (916,401)  (983,402)  (957,330)  (988,366)  (993,325)
Sarong  (1472,1648)
sz56  (671,1740)  (635,1775)  (635,1739)  (706,1776)  (671,1704)  (707,1704)  (707,1740)  (633,1703)  (670,1811)  (634,1811)  (599,1775)  (599,1739)  (742,1776)  (742,1812)  (706,1812)  (598,1812)  (743,1703)  (743,1739)  (597,1703)  (563,1776)  (563,1740)  (778,1775)  (778,1811)  (562,1825)  (779,1738)  (561,1704)  (527,1789)  (527,1753)  (814,1774)  (814,1810)
Attla  (2004,376)
sz57  (965,1835)  (929,1870)  (929,1834)  (1000,1871)  (965,1799)  (1001,1799)  (1001,1835)  (927,1798)  (893,1903)  (893,1867)  (1036,1871)  (1037,1778)  (1037,1814)  (891,1831)  (891,1795)  (1072,1850)  (1072,1886)  (1073,1807)
Wohto  (2229,1295)
sz58  (1191,1569)  (1186,1605)  (1227,1545)  (1227,1581)  (1186,1641)  (1222,1675)  (1186,1677)  (1150,1695)  (1223,1711)
Shantung  (976,776)
sz59  (1009,1660)  (1044,1696)  (1008,1696)  (979,1624)  (1015,1624)  (1080,1710)
N.Mongolia  (654,458)  (649,494)  (690,443)
Darwin  (1582,1993)
Kochi  (1275,916)
sz50  (1284,1925)  (1248,1960)  (1248,1924)  (1319,1961)  (1284,1889)  (1320,1889)  (1320,1925)  (1246,1888)  (1283,1996)  (1247,1996)  (1212,1960)  (1212,1924)  (1355,1961)  (1355,1997)  (1319,1997)  (1211,1997)  (1282,1853)  (1318,1853)  (1354,1853)  (1356,1889)  (1356,1925)  (1210,1888)  (1210,1852)  (1246,1852)  (1390,1819)  (1283,2032)  (1247,2032)  (1176,1961)  (1176,1925)  (1391,1961)  (1391,1997)  (1391,2033)  (1355,2033)  (1319,2033)  (1211,2033)  (1175,2033)  (1175,1997)  (1282,1817)  (1318,1817)  (1354,1817)  (1392,1855)  (1392,1891)  (1174,1889)  (1174,1853)  (1231,1816)  (1146,1817)  (1390,1783)  (1283,2068)  (1247,2068)  (1401,2069)  (1365,2069)  (1329,2069)  (1211,2069)  (1175,2069)  (1293,1781)  (1138,1865)  (1293,2104)  (1257,2104)  (1396,2105)  (1360,2105)  (1221,2105)  (1185,2105)
Shangsi  (798,738)  (834,722)
sz51  (1320,2236)  (1284,2271)  (1284,2235)  (1355,2272)  (1320,2200)  (1356,2200)  (1356,2236)  (1282,2199)  (1319,2307)  (1283,2307)  (1248,2271)  (1248,2235)  (1391,2272)  (1391,2308)  (1355,2308)  (1247,2308)  (1318,2164)  (1354,2164)  (1390,2164)  (1392,2200)  (1392,2236)  (1246,2199)  (1246,2163)  (1282,2163)  (1212,2272)  (1212,2236)  (1427,2272)  (1427,2308)  (1211,2322)  (1428,2190)  (1210,2200)  (1210,2164)  (1176,2286)  (1176,2250)  (1463,2271)  (1463,2307)  (1175,2322)  (1174,2214)  (1174,2178)  (1499,2272)  (1499,2308)
sz52  (947,2153)  (911,2188)  (911,2152)  (982,2189)  (947,2117)  (983,2117)  (983,2153)  (909,2116)  (946,2224)  (910,2224)  (875,2188)  (875,2152)  (1018,2189)  (1018,2225)  (982,2225)  (874,2225)  (945,2081)  (981,2081)  (1017,2081)  (1019,2117)  (1019,2153)  (873,2116)  (873,2080)  (909,2080)  (1053,2047)  (946,2260)  (910,2260)  (839,2189)  (1054,2189)  (1054,2225)  (1054,2261)  (1018,2261)  (982,2261)  (874,2261)  (838,2261)  (838,2225)  (945,2045)  (981,2045)  (1017,2045)  (1055,2083)  (1055,2119)  (868,2044)  (904,2044)  (1053,2011)  (1089,2011)  (1089,2047)  (946,2296)  (910,2296)  (803,2189)  (1090,2155)  (1090,2191)  (1090,2227)  (1090,2263)  (1054,2297)  (1018,2297)  (982,2297)  (874,2297)  (838,2297)  (802,2297)  (802,2261)  (802,2225)  (940,2009)  (976,2009)  (1012,2009)  (1091,2083)  (1091,2119)  (868,2008)  (904,2008)  (1092,2299)  (1048,1975)  (1084,1975)  (1120,1975)  (1125,2011)  (1125,2047)  (767,2189)  (1126,2155)  (1126,2191)  (1126,2227)  (1126,2263)  (766,2322)  (766,2286)  (766,2250)  (940,1973)  (976,1973)  (1012,1973)  (1127,2083)  (1127,2119)  (868,1972)  (904,1972)  (1128,2299)  (1120,1939)  (731,2214)  (731,2178)  (730,2322)  (730,2286)  (730,2250)  (695,2214)  (695,2178)  (694,2322)  (694,2286)  (694,2250)  (659,2214)  (659,2178)  (658,2322)  (658,2286)  (658,2250)  (623,2214)  (623,2178)  (622,2322)  (622,2286)  (622,2250)  (587,2214)  (587,2178)  (586,2322)  (586,2286)  (586,2250)  (551,2214)  (551,2178)  (550,2322)  (550,2286)  (550,2250)
sz53  (673,1990)  (637,2025)  (637,1989)  (708,2026)  (673,1954)  (709,1954)  (709,1990)  (635,1953)  (672,2061)  (636,2061)  (601,2025)  (601,1989)  (744,2026)  (744,2062)  (708,2062)  (600,2062)  (671,1918)  (707,1918)  (743,1918)  (745,1954)  (745,1990)  (599,1953)  (599,1917)  (635,1917)  (779,1884)  (672,2097)  (636,2097)  (565,2026)  (565,1990)  (780,2026)  (780,2062)  (780,2098)  (744,2098)  (708,2098)  (600,2098)  (564,2098)  (564,2062)  (671,1882)  (707,1882)  (743,1882)  (781,1920)  (781,1956)  (563,1954)  (563,1918)  (563,1882)  (599,1881)  (635,1881)  (815,1864)  (529,2026)  (529,1990)  (816,1992)  (816,2028)  (816,2064)  (816,2100)  (528,2131)  (528,2095)  (817,1900)  (817,1936)  (527,1954)  (527,1918)  (527,1882)
Lambok  (1046,1749)
sz54  (223,2173)  (187,2208)  (187,2172)  (258,2209)  (223,2137)  (259,2137)  (259,2173)  (185,2136)  (222,2244)  (186,2244)  (151,2208)  (151,2172)  (294,2209)  (294,2245)  (258,2245)  (150,2245)  (221,2101)  (257,2101)  (293,2101)  (295,2137)  (295,2173)  (149,2136)  (149,2100)  (185,2100)  (329,2067)  (222,2280)  (186,2280)  (115,2209)  (115,2173)  (330,2209)  (330,2245)  (330,2281)  (294,2281)  (258,2281)  (150,2281)  (114,2281)  (114,2245)  (221,2065)  (257,2065)  (293,2065)  (331,2103)  (331,2139)  (113,2137)  (113,2101)  (113,2065)  (149,2064)  (185,2064)  (329,2031)  (365,2031)  (365,2067)  (222,2316)  (186,2316)  (79,2209)  (79,2173)  (366,2175)  (366,2211)  (366,2247)  (366,2283)  (330,2317)  (294,2317)  (258,2317)  (150,2317)  (114,2317)  (78,2317)  (78,2281)  (78,2245)  (367,2103)  (367,2139)  (77,2137)  (77,2101)  (77,2065)  (368,2319)  (401,2030)  (401,2066)  (43,2209)  (43,2173)  (402,2175)  (402,2211)  (402,2247)  (402,2283)  (42,2322)  (42,2286)  (42,2250)  (403,2102)  (403,2138)  (41,2137)  (41,2101)  (41,2065)  (404,2319)  (437,2030)  (437,2066)  (438,2174)  (438,2210)  (438,2246)  (438,2282)  (439,2102)  (439,2138)  (440,2318)  (473,2030)  (473,2066)  (474,2174)  (474,2210)  (474,2246)  (474,2282)  (475,2102)  (475,2138)  (476,2318)
sz55  (241,1845)  (205,1880)  (205,1844)  (276,1881)  (241,1809)  (277,1809)  (277,1845)  (203,1808)  (240,1916)  (204,1916)  (169,1880)  (169,1844)  (312,1881)  (312,1917)  (276,1917)  (168,1917)  (239,1773)  (275,1773)  (311,1773)  (313,1809)  (313,1845)  (167,1808)  (167,1772)  (203,1772)  (347,1739)  (240,1952)  (204,1952)  (133,1881)  (133,1845)  (348,1881)  (348,1917)  (348,1953)  (312,1953)  (276,1953)  (168,1953)  (132,1953)  (132,1917)  (239,1737)  (275,1737)  (311,1737)  (349,1775)  (349,1811)  (131,1809)  (131,1773)  (131,1737)  (167,1736)  (203,1736)  (368,1703)  (383,1739)  (240,1988)  (204,1988)  (97,1881)  (97,1845)  (384,1847)  (384,1883)  (384,1919)  (384,1955)  (348,1989)  (312,1989)  (276,1989)  (168,1989)  (132,1989)  (96,1989)  (96,1953)  (96,1917)  (385,1775)  (385,1811)  (95,1809)  (95,1773)  (95,1737)  (386,1991)  (404,1682)  (419,1718)  (61,1881)  (61,1845)  (420,1847)  (420,1883)  (420,1919)  (420,1955)  (60,1991)  (60,1955)  (60,1919)  (421,1754)  (421,1790)  (59,1809)  (59,1773)  (59,1737)  (422,1991)  (440,1676)  (455,1712)  (25,1883)  (25,1847)  (456,1826)  (456,1862)  (456,1898)  (456,1934)  (24,1991)  (24,1955)  (24,1919)  (457,1748)  (457,1784)  (23,1811)  (23,1775)  (23,1739)  (458,1970)  (476,1676)
Belogorsk  (1215,368)  (1179,387)  (1179,351)  (1245,404)  (1245,332)  (1251,368)  (1209,423)  (1281,302)  (1287,365)
E.Borneo  (925,1514)
Fais  (1614,1332)
Ulaan  (783,575)  (819,554)
Naha  (1147,1005)
Ifalk  (1630,1354)
N.French I.  (700,1125)  (736,1093)  (736,1156)
Bikaner  (24,768)  (43,804)  (60,749)
Sydney  (1909,2160)  (1873,2171)  (1945,2143)  (1945,2179)  (1837,2177)  (1835,2141)  (1981,2201)
sz69  (1061,1467)  (1074,1503)  (1038,1503)  (1042,1431)  (1078,1431)  (1097,1467)  (1114,1414)  (1058,1539)  (1022,1544)
sz67  (913,1199)  (877,1234)  (877,1198)  (948,1235)  (913,1163)  (949,1163)  (949,1199)  (875,1162)  (841,1232)  (911,1127)  (947,1127)  (839,1196)  (839,1160)  (875,1126)  (807,1124)
sz68  (1040,1289)  (1004,1317)  (1004,1281)  (1075,1325)  (1040,1253)  (1076,1253)  (1076,1289)  (968,1330)  (968,1294)  (1074,1361)  (1112,1252)  (1112,1288)  (939,1366)  (932,1330)  (932,1294)  (1148,1287)  (903,1379)  (896,1343)  (896,1307)
Hopeh  (949,697)
sz61  (504,1560)  (468,1595)  (468,1559)  (539,1596)  (540,1526)  (466,1523)  (503,1631)  (467,1631)  (432,1595)  (432,1559)  (575,1562)  (575,1598)  (539,1632)  (431,1632)  (576,1526)  (430,1523)  (430,1487)  (466,1487)  (577,1634)  (396,1596)  (396,1560)  (611,1562)  (611,1598)  (395,1637)  (394,1524)  (394,1488)  (613,1634)  (647,1590)  (649,1626)
sz62  (154,1581)  (118,1616)  (118,1580)  (189,1617)  (154,1545)  (190,1575)  (116,1544)  (153,1652)  (117,1652)  (82,1616)  (82,1580)  (225,1611)  (225,1647)  (189,1653)  (81,1653)  (152,1509)  (226,1574)  (80,1544)  (80,1508)  (116,1508)  (255,1683)  (153,1688)  (117,1688)  (46,1617)  (46,1581)  (261,1610)  (261,1646)  (219,1689)  (81,1689)  (45,1689)  (45,1653)  (262,1566)  (44,1545)  (44,1509)  (44,1473)  (80,1472)  (279,1529)  (291,1682)  (297,1602)  (297,1638)  (15,1437)  (298,1565)  (51,1436)  (315,1495)  (327,1674)  (15,1401)  (51,1400)  (15,1365)  (15,1329)
sz60  (765,1504)  (729,1510)  (792,1540)  (754,1468)  (790,1463)  (802,1576)  (839,1603)  (875,1633)  (839,1639)  (911,1635)  (875,1669)  (931,1671)
Kwangsi  (778,1036)
sz65  (431,1342)  (395,1377)  (395,1341)  (466,1378)  (431,1306)  (467,1306)  (467,1342)  (393,1305)  (430,1413)  (394,1413)  (495,1414)
sz66  (578,1395)  (542,1430)  (542,1394)  (613,1431)  (578,1359)  (553,1466)  (517,1466)  (558,1323)
S.Japan  (1361,858)
sz63  (274,1355)  (238,1385)  (309,1391)  (278,1319)  (310,1355)  (314,1315)  (273,1421)  (202,1398)  (328,1427)  (279,1279)  (315,1279)  (175,1438)  (302,1243)  (139,1456)
sz64  (447,1175)  (411,1210)  (411,1174)  (482,1211)  (447,1139)  (483,1139)  (483,1175)  (409,1138)  (446,1246)  (410,1246)  (375,1210)  (374,1247)  (558,1218)  (574,1254)
Bratsk  (694,62)  (658,97)  (658,61)  (697,98)  (694,26)  (730,26)  (730,62)  (656,25)  (622,85)  (766,15)  (766,51)  (620,49)  (802,15)  (802,51)  (838,15)  (838,51)
Umnak  (2355,362)
Kiangsi  (847,971)
Alaska  (2485,92)  (2449,105)  (2449,69)  (2520,128)  (2485,56)  (2521,56)  (2521,92)  (2484,141)  (2413,92)  (2556,128)  (2556,164)  (2520,164)  (2493,20)  (2529,20)  (2557,56)  (2557,92)  (2565,15)  (2592,128)
Canton  (2586,1725)
Japan  (1448,783)  (1477,732)
E.Tibet  (547,873)  (578,909)  (542,909)  (521,837)
sz75  (1323,1111)  (1287,1146)  (1287,1110)  (1358,1147)  (1323,1075)  (1359,1075)  (1359,1111)  (1285,1074)  (1251,1176)  (1251,1140)  (1394,1147)  (1395,1066)  (1395,1102)  (1249,1104)  (1249,1068)  (1431,1036)  (1431,1072)  (1431,1108)
sz74  (1096,891)  (1131,927)  (1095,927)  (1064,855)  (1100,855)  (1132,891)  (1136,851)  (1139,963)  (1103,963)  (1050,819)  (1086,819)  (1168,887)  (1122,815)  (1067,970)  (1090,779)  (1126,779)  (1051,1006)  (1091,743)  (1036,1042)  (1177,1055)  (1026,725)  (1141,1058)  (1030,1078)  (1154,1094)  (1032,1114)  (1142,1130)  (1106,1146)  (1044,1150)  (1008,1150)  (1125,1182)  (1089,1182)  (1053,1186)  (1017,1186)
sz76  (1589,1012)  (1553,1047)  (1553,1011)  (1624,1048)  (1589,976)  (1625,976)  (1625,1012)  (1588,1083)  (1552,1083)  (1517,1047)  (1660,1048)  (1660,1084)  (1624,1084)  (1574,940)  (1610,940)  (1646,940)  (1661,976)  (1661,1012)  (1682,919)  (1576,904)  (1612,904)
sz71  (1368,1251)  (1332,1286)  (1332,1250)  (1403,1287)  (1368,1215)  (1404,1215)  (1404,1251)  (1367,1322)  (1296,1248)  (1439,1287)  (1439,1323)  (1403,1323)  (1440,1215)  (1440,1251)  (1260,1222)
sz70  (1412,1473)  (1376,1508)  (1447,1509)  (1403,1437)  (1439,1437)  (1448,1473)  (1340,1521)  (1398,1401)  (1434,1401)  (1345,1378)  (1304,1515)  (1271,1360)  (1268,1491)  (1241,1455)  (1232,1504)  (1205,1468)  (1204,1373)  (1184,1432)  (1169,1496)  (1168,1396)  (1168,1360)
sz73  (772,1358)  (807,1394)  (771,1394)  (807,1322)  (808,1358)  (687,1320)
Khan  (771,482)  (735,509)  (807,501)
sz72  (1595,1216)  (1559,1251)  (1559,1215)  (1630,1252)  (1595,1180)  (1631,1180)  (1631,1216)  (1557,1179)  (1594,1287)  (1558,1287)  (1523,1251)  (1523,1215)  (1666,1252)  (1666,1288)  (1630,1288)  (1522,1288)  (1667,1152)  (1667,1188)  (1521,1179)  (1487,1252)  (1487,1216)  (1702,1224)  (1702,1260)  (1702,1296)  (1542,1324)  (1506,1324)  (1486,1288)  (1703,1152)  (1703,1188)  (1485,1180)  (1542,1360)  (1506,1360)
Jinquan  (519,334)  (483,369)  (483,333)  (554,370)  (519,298)  (555,298)  (555,334)  (481,297)  (447,373)  (447,337)  (590,370)  (591,324)
Fukien  (989,966)
sz79  (1244,751)  (1208,719)  (1279,787)  (1243,787)  (1244,715)  (1280,715)  (1280,751)  (1315,818)  (1279,823)  (1243,823)  (1260,679)  (1296,679)  (1207,830)  (1296,643)
sz78  (1383,946)  (1347,981)  (1418,982)  (1391,910)  (1419,946)  (1364,1017)  (1328,1017)  (1311,981)  (1455,917)  (1308,945)  (1304,909)  (1292,1027)  (1275,991)  (1491,895)  (1491,931)  (1272,955)  (1268,919)  (1496,832)  (1256,1027)  (1239,991)  (1220,1027)
Java  (896,1714)
E.Australia  (1964,2053)  (1999,2089)  (1963,2089)  (1929,2017)  (2031,2126)
India  (88,1138)  (52,1173)  (52,1137)  (124,1123)  (50,1101)  (45,1209)  (160,1122)  (47,1245)
Haixi  (316,457)  (280,492)  (280,456)  (352,438)  (352,474)  (244,515)  (244,479)  (388,410)
Ulaan Ude  (884,263)  (848,298)  (848,262)  (915,299)  (884,227)  (920,227)  (920,263)  (848,226)  (879,334)  (843,334)  (926,191)  (956,227)  (956,263)  (962,185)  (848,370)  (812,370)  (992,221)  (992,257)  (845,406)
Portland  (3188,625)  (3173,589)  (3224,597)  (3224,633)  (3236,669)  (3260,611)
Szechwan  (728,790)  (743,826)  (710,754)
Xining  (491,698)
Spralty  (1135,1346)
Gobi  (568,568)  (532,549)  (603,604)
Sieg 2010  (3246,2201)  (3210,2236)  (3210,2200)  (3281,2237)  (3246,2165)  (3282,2165)  (3282,2201)  (3208,2164)  (3245,2272)  (3209,2272)  (3174,2236)  (3174,2200)  (3317,2237)  (3317,2273)  (3281,2273)  (3173,2273)  (3290,2129)  (3318,2165)  (3318,2201)  (3172,2164)  (3326,2121)  (3245,2308)  (3209,2308)  (3138,2237)  (3138,2201)  (3352,2309)  (3316,2309)  (3173,2309)  (3137,2309)  (3137,2273)  (3290,2093)  (3136,2165)  (3326,2085)  (3102,2237)  (3102,2201)  (3101,2322)  (3101,2286)  (3290,2057)  (3100,2165)  (3326,2049)  (3066,2250)  (3066,2214)  (3065,2322)  (3065,2286)  (3290,2021)  (3064,2178)  (3326,2013)  (3030,2250)  (3030,2214)  (3029,2322)  (3029,2286)  (3290,1985)  (3028,2178)  (3326,1977)  (2994,2250)  (2994,2214)  (2993,2322)  (2993,2286)  (3290,1949)  (2992,2178)  (3326,1941)  (3199,1926)  (3235,1926)  (2958,2250)  (2958,2214)  (2957,2322)  (2957,2286)  (3271,1913)  (2956,2178)  (3307,1905)  (3343,1905)  (3198,1890)  (3234,1890)  (3270,1877)  (3306,1869)  (3342,1869)  (3198,1854)  (3234,1854)  (3270,1841)  (3306,1833)  (3342,1833)  (3198,1818)  (3234,1818)  (3270,1805)  (3306,1797)  (3342,1797)  (3198,1782)  (3234,1782)  (3270,1769)  (3306,1761)  (3342,1761)
sz81  (1343,1682)  (1307,1717)  (1307,1681)  (1379,1685)  (1271,1714)  (1271,1678)  (1415,1688)  (1451,1700)
Amursk  (1347,373)  (1382,409)  (1342,337)  (1378,337)  (1383,373)  (1346,414)  (1310,431)  (1274,453)
Gansu  (701,686)
Sumatra  (731,1614)  (766,1650)
Kwangtung  (913,1003)
Hongkong  (912,1058)
Mindanao  (1273,1405)
Ostrov  (1513,315)
Abakan  (117,365)  (81,400)  (81,364)  (152,401)  (117,329)  (153,329)  (153,365)  (79,328)  (45,401)  (45,365)  (188,401)  (188,437)  (152,437)  (189,333)  (43,329)  (43,293)  (224,372)  (224,408)
E.Shansi  (878,674)  (890,710)
Buru  (1241,1640)
Gaferut  (1665,1346)
Majuru  (2278,1313)
C.Australia  (1562,2060)  (1597,2096)  (1561,2096)  (1621,2060)  (1593,2132)  (1557,2132)  (1653,1991)  (1657,2027)  (1693,2001)
Gizo  (1920,1609)
Johnston  (2437,1590)
Nepal  (318,968)  (282,970)  (353,1004)  (291,932)  (354,961)  (317,1006)  (389,997)
Achinsk  (123,132)  (87,167)  (87,131)  (158,168)  (123,96)  (159,96)  (159,132)  (85,95)  (122,203)  (86,203)  (51,167)  (51,131)  (194,168)  (167,204)  (50,204)  (121,60)  (157,60)  (193,60)  (195,96)  (195,132)  (49,95)  (49,59)  (85,59)  (229,26)  (131,239)  (95,239)  (15,168)  (15,132)  (230,168)  (59,240)  (23,240)  (121,24)  (157,24)  (193,24)  (231,62)  (231,98)  (15,23)  (51,23)  (265,15)  (266,134)  (266,170)  (267,51)  (302,172)
Hankou  (912,922)
W.Tibet  (290,843)  (254,854)  (326,823)
Australia  (1798,2040)  (1762,2075)  (1762,2039)  (1833,2076)  (1834,2028)  (1760,2003)  (1726,2054)  (1869,2064)  (1873,2100)
S.Tibet  (431,910)  (395,923)  (467,911)
Maltan  (45,508)  (66,544)  (30,544)  (15,472)  (51,472)  (81,508)  (117,502)  (117,538)  (153,507)
Kauai  (2760,964)
Peking  (927,580)  (891,606)  (934,616)
High Desert  (3317,625)  (3352,661)  (3316,661)  (3326,589)
New Caledonia  (2112,1907)
Bava  (1123,1742)
Akina  (1452,648)
Davao  (1332,1432)
Yecheng  (250,587)  (214,576)  (281,623)  (245,623)  (286,577)
Hsingan  (1063,411)  (1027,446)  (1084,447)  (1054,375)  (1090,375)  (1099,411)  (991,466)  (1135,399)
Pikelot  (1677,1380)
Magadan  (1642,59)  (1606,78)  (1670,95)  (1631,23)  (1667,23)  (1678,59)  (1703,15)  (1714,51)  (1739,15)
Phuket  (687,1372)
Hainan  (840,1140)
San Francisco  (3209,832)
N.Australia  (1678,1923)  (1642,1940)  (1702,1887)  (1714,1923)  (1738,1872)  (1750,1908)